1
130
203989853 4199705
933163234 4199705
6481181 4199705
313845641 4199705
1764443 4199705
323670094 4199705
122523468 4199705
605116305 4199705
169634582 4199705
491963816 4199705
587730501 4199705
196292801 4199705
432093701 4199705
169818985 4199705
321203217 4199705
348402251 4199705
328439161 4199705
213003201 4199705
266269796 4199705
162420541 4199705
447248365 4199705
54476137 4199705
915528203 4199705
93069013 4199705
407012047 4199705
431100146 4199705
24602569 4199705
488658954 4199705
59877955 4199705
17624377 4199705
7353537 4199705
381511857 4199705
44401526 4199705
301925283 4199705
644571121 4199705
299056836 4199705
201701566 4199705
23779243 4199705
86253893 4199705
64781569 4199705
2936401 4199705
61502133 4199705
114844213 4199705
541746733 4199705
106240690 4199705
81689336 4199705
659786371 4199705
157386432 4199705
244918829 4199705
120211729 4199705
95903857 4199705
827355595 4199705
28849601 4199705
904112721 4199705
10192109 4199705
563276395 4199705
728794249 4199705
114213541 4199705
832989389 4199705
40889245 4199705
203145545 4199705
237431273 4199705
21991889 4199705
57256561 4199705
264965329 4199705
52601741 4199705
53360179 4199705
21364641 4199705
450729313 4199705
53677951 4199705
160149249 4199705
166685065 4199705
98425410 4199705
664675201 4199705
222969361 4199705
11738546 4199705
449678593 4199705
113655605 4199705
128342402 4199705
213933313 4199705
545536915 4199705
124802162 4199705
87783853 4199705
114509179 4199705
132453361 4199705
329498596 4199705
208142936 4199705
518992755 4199705
183341655 4199705
74583481 4199705
112706976 4199705
42607373 4199705
674927241 4199705
193470185 4199705
1433433 4199705
112576396 4199705
619716501 4199705
775879705 4199705
276056841 4199705
625592292 4199705
620031156 4199705
219374001 4199705
72839581 4199705
167226181 4199705
18444933 4199705
28027282 4199705
18630071 4199705
620919352 4199705
518999366 4199705
123811651 4199705
272942713 4199705
415322257 4199705
363586111 4199705
403116592 4199705
67149501 4199705
330261901 4199705
24079399 4199705
8693231 4199705
765223131 4199705
245122634 4199705
248459215 4199705
301537957 4199705
10442038 4199705
678132391 4199705
128361921 4199705
674930667 4199705
326258121 4199705
342436312 4199705
631551595 4199705
26310901 4199705